0.06842176531184045
-0.1004603261193265
0.159238927163307
0.3934476641015559
-0.536131725574399
0.05769279613318308
-0.030648214203697646
0.07987809006761398
-0.07890968109615398
-0.1414603773367815
-0.10012816332083284
0.276896489559198
-0.19352920846074503
0.1998152414615904
0.4380784945079574
0.34252229249155114
0.14459830012543656
0.10789497709646745
-0.35087144538507475
-0.11519147804612619
-0.023838066723598002
-0.3154781265494468
0.37333754950043885
-0.4117773630105303
0.33083293382921336
-0.2084100160762328
0.04267058830011814
0.26129271167149254
0.04534227915497363
-0.42426809613808714
-0.1876337730635549
-0.5010149961604593
0.46412729458453356
-0.10806593383935315
0.36656924366857546
-0.28091798400111184
-0.08045415159582771
0.016354148590075338
0.1907846322791614
0.2546082847676755
0.03612734908700104
-0.058170017856344416
0.18234916318485264
-0.45316669862620507
0.16811778186259768
0.6123185078405052
0.11334327292890116
-0.025213276055528994
0.4344966450946137
-0.12905937658196814
0.019487451134120377
-0.1295875886571832
0.17256150780824067
-0.002424229029603847
-0.07161825704851531
-0.12857699699189795
0.13194987960534554
0.2395614735556969
0.33742031102283526
-0.2931187589318017
0.1744696304721162
-0.02234483573942762
-0.16934718696135367
-0.16231148138265641
-0.3690846845929801
-0.4687984294263516
-0.049486626919843374
-0.4447134940647597
0.19723541776400788
0.07168763185790578
-0.13325739957460456
0.3247940712911616
0.01533617754100983
0.04353262287587504
-0.22287506276347904
0.24320298060576642
-0.18801594670277816
-0.1047753421886179
0.04447222502008382
0.2686928357741471
-0.0776783114864546
0.1474959048757878
-0.41834477047446095
-0.37098312718912485
0.3710938466237232
0.2844528075937419
-0.11506377404190639
0.04874900811681854
-0.23878389419677923
0.37713203295301395
-0.06677164626707603
0.08329706972805274
-0.110008215512372
0.35283608234567726
0.03575234034491
0.568460505392546
-0.05508255866879121
-0.27480851340225976
0.24152580269481577
-0.23307731269138263
-0.0694855176261739
0.05593915960794984
-0.2940132619958696
-0.014673397432270821
0.2346560309192142
0.3484418978589397
0.07481304230135737
0.15568819795890004
-0.061162448408719906
0.20558613784926824
-0.12207279707943335
-0.013004704110015558
0.11989097334474513
0.1417019852167283
0.3837556481953259
0.2863293967237077
0.0915410110072391
-0.16767204820264717
0.5446849891677913
-0.3502949558973903
0.020266628510977124
-0.09079387401413892
-0.3469138705624151
0.05178868115963534
0.13553933637403176
0.339403186340896
0.2948218760602462
0.012471491450471297
-0.017393698954335006
-0.28767924464173167
-0.49974921247715837
0.36161953445350714
0.1769510862370465
-0.30416201734803894
-0.005349863169647102
0.17323752042787452
0.39928222763379523
-0.47841979755060654
0.4096357407527987
0.1898485310330543
0.03780570206861553
-0.0077222904673353255
-0.14999655566174835
-0.37589032789031496
0.13671233701273874
0.5226735218238582
-0.20298108535795295
0.20652154570262718
-0.2951595005040999
0.007936766800435409
-0.239246395078097
-0.12065766144982945
0.16522001616806342
-0.0012042133097833884
-0.13378897890549965
-0.05579809951066715
-0.13223799433827385
0.10666238882114139
0.04594923623530588
0.12487407051624769
-0.07782227644139506
0.194810475191767
0.18052629096538428
-0.505511099274232
-0.05337789100438803
-0.14375161588224464
0.3277350741016362
-0.2615973618725292
-0.310633196430166
0.3916273453191942
0.09045348629668741
-0.2142480154710328
0.21958988233034527
0.0847074792635324
0.03797447865336421
0.034143944538602124
-0.30977737316517934
0.3967899606251713
-0.1912695354222172
0.04856094275206517
-0.035370764785098784
0.41567741092390015
-0.451995973255052
0.18163726702656857
-0.027835384653501234
0.16545315691472556
0.03926575215606651
-0.32691350132897007
-0.29913471278324283
0.42483321459787354
-0.030072200423036963
-0.02269290692762639
0.2292976420263205
0.0631522988304062
-0.024581675796102286
0.18740583516807552
0.14871174992474956
-0.04597185386617538
-0.17259640538052265
0.12185466167371678

-0.22050610485191624