Resultados desnormalizados del fichero de ENTRENAMIENTO:

4512626.041968638
13085121.988409188
10500975.38806959
16099670.97296866
11383249.56298518
9568041.06186057
16680073.256117199
22511523.996021964
27472231.125902746
26538785.87056272
24103682.44305716
14585957.842566386
22062211.160043284
30478777.96291228
7175138.862497849
8033121.4224998625
25167557.503753603
10955708.872465722
12846698.802149666
24531161.293421354
5485924.135031761
11693563.406109154
13159468.633208552
26078755.579591405
26331381.31233278
20034803.789121505
26030563.58038231
19475164.50433403
25353044.581793502
27673261.595327735
25221582.664267145
1788270.9238137924
23981408.434480987
21946151.063189633
21368469.300533276
21052741.717888284
18402321.02472302
17785990.867702533
26035249.15749201
29792103.10132355
27022389.929277543
12784889.146109056
10569072.018658876
12068180.017169844
12146471.025234377
10765407.084683623
21826008.059060596
20320357.833676256
14945106.378384769
15447488.045597823
10992758.442285633
8226820.157426474
7473337.257592404
30743005.045529105
12971227.200827243
13224491.917043662
20738548.766547583
24688801.118240584
24311638.64868822
24399197.910820663
23446592.55604083
10301461.325068992
25370523.01430661
25056725.882308263
9581658.552952081
21630332.413717397
15287411.164467769
12338367.679787528
20895343.85478438
24395631.65969419
20790536.819435924
12409990.053019298
21850397.005355477
21529935.32588234
8818919.227422442
21368133.768737085
15522670.11395349
25525453.808575023
18872058.919922866
11343840.39575379
24038647.91605046
25939300.16280078
14351184.433354892
28532824.3407669
11035112.603451716
16429304.155025838
24747782.73612754
7440986.312100604
1339373.6694710292
23248404.91070135
24336758.541381802
14190043.337551188
-141640.1616378103
17488814.254751414
23444539.89151994
10892424.0576572
22005095.51205117
13597081.54144515
22498599.158385903
22256282.89316821
16025201.325783413
25905048.3268841
11447299.287911898
10493426.803608831
13032710.761206822
4540922.050080067
12198617.496271417
10896680.922657551
15392676.232943509
16654763.746380592
11518869.207556784
26568376.503498625
13014066.475587914
10884745.724196605
22510475.832249146
17495106.139535032
25759485.261057924
6995813.393041996
21786393.637506954
24793361.163701188
19410173.44616547
20715876.43344539
27506521.948956892
20107657.959578607
21400072.623739228
16151470.331774449
7957570.228114709
24839024.008378528
18414570.902427223
24620264.105547212
15433773.74165448
18088724.663919073
24152142.236562137
10994777.12074624
7646964.692874647
7567497.623765321
17169312.452439964
14928570.036381735
15816305.092487503
1810565.2992962669
26235527.842084944
20153234.931480307
13828171.02686024
28397334.90387456
18660574.454882
15059309.754671486
10616174.164666204
19634353.40150111
17765868.891383797
5089257.7075658105
11822930.780294403
16034921.061781751
15311395.033830985
22733045.149205755
24528920.49998989
15355871.780706335
7327748.2060437
23601271.838108085
12889642.140837552
15911102.898833796
11663323.79041535
14701088.912246935
11781752.828599853
21340814.608183134
26490993.00015276
10998475.92461735
11618258.14850776
17661506.455861546
21177870.76267177
18238997.862585932
18739957.240792822
10638980.237505618
11496165.255123775
13678564.816192558
10905468.510969976
16266246.81655966
22983316.267318163
8346662.801452604
23477474.02733522
25056244.940269716
27280154.694313955
16492139.16764222
23931977.479398597
9144508.950170621
10346143.059142789
10375185.811425874
11164897.256822458
25629916.273579303
18041636.87027447
20925404.007401314
23663692.09956761
19876738.731734816
18390810.567655824
24553791.910554286
13307982.82599878
13043973.40440453
9378666.237918217
19340015.4064161
12674652.6980068
7709317.315966666
7298939.64055479
15859142.586839572
18421401.054012958
9066992.652262785
24767990.404788062
17221908.170388915
24012828.76292661
1491571.0260017184
21647703.056717638
26054894.713052534
13825247.117032537
14927377.366350662
11550971.574193953
14321906.622156939
22517693.940471184
17553710.038478352
14370120.676632931
14725641.391727246
7095124.768318062
6490225.469767036
24619444.41278573
5614300.92454552
18558381.417110324
27296653.648486342
13145892.08800887
23182940.64458482
30156769.400348116
12881760.894319894
24431225.63837233
23159800.15264451
7137554.206229448
12228607.275525553
11328364.288978461
13944914.473787446
15044819.851026995
19048451.884519387
9448517.807182027
24537467.739067998
21372649.997630518
16138508.122729808
10629265.993698733
9390198.531628422
9995854.513364555
11798022.640298747
12126750.888476757
9843872.735472608
21058908.971860696
16577419.697388217
20571026.717319272
11453708.668701367
18652727.48541994
23721762.173411172
22872511.371264786
12230375.50367898
12164976.615567697
21628602.160962284
26836803.375386607
23913559.545207374
12183050.881758118
14189480.278592091
12286036.9533994
4457901.6488893
15471806.505455447
8391023.273946207
1214975.403757867
10662134.438169219
10901670.364217246
20118814.57908954
25674113.102701984
12325141.449986411
23949896.833586935
24415168.510098614
4457105.407634892
21246893.221169848
27235129.133964345
20425296.69935926
23620359.257328715
15193227.916375872
14449875.942902876
25149097.641716205
14590943.432685373
21356909.901185084
21103278.28795083
5530729.003482377
16188134.14431402
10760112.46578094
24170606.169246897
14617522.572647719
15524359.983309876
27823741.73566034
9522398.00275938
771094.2863742344
24788540.03636326
16960080.752519034
28477748.694267135
15186662.356799703
26544572.776125446
31475502.275787156
8783125.644350938
23842040.807201184
14725374.521534577
10275328.1970481
18268023.44829563
21018532.411547933
22503239.83112389
25031204.53392724
12248786.47259354
29295553.771875564
10500680.25086477
29098889.28327396
4866556.908536069
16379072.513607278
9153282.804287873
2978963.0720598157
17832704.237034135
20621825.85472178
16140847.297256287
24009239.135945532
27100174.10788541
25243032.724422146
13127577.997787524
22558663.218211025
10547322.477547616
11464019.290240014
8771793.744734626
34969566.45534635
10341197.060184613
8778226.839573242
741340.3298449458
10665968.161732169
17258839.984254323
10189455.317237465
11535303.407078298
24887112.754027892
1658623.2597041242
12969603.735305514
23735332.898694474
11179352.519562742
15071817.827485573
18316408.6477492
21136770.400545906
14751266.749792855
16993814.066801194
25377476.756809387
18036344.28938111
29928153.369755648
6520025.069732956
19416854.29281509
12014761.759205433
12734005.544196488
24219866.505076498
12157573.484860593
17333533.04978937
10850245.561812175
19114598.459312044
20443240.901722092
20609586.061502427
12432075.215677056
29619008.02313719
25752988.381506953
14720287.14800106
12923469.703562176
28596357.693366855
11528742.99706782
28242983.597955503
24648532.95177137
9007226.420367658
29731096.670851994
20753611.89444196
22316360.021218564
21999264.162540413
22060039.161522057
26754858.768970758
23137627.44611021
23820122.54743987
16190270.40959537
24805747.419445485
7528845.1136030415
21724881.017797355
20689922.2346132
19668604.1782967
21650511.480896685
5577920.069256928
12803341.488724582
21058877.305561163
20889683.950475305
24744841.327171657
20646875.463475674
25056611.47756169
13673708.751325874
26793053.33797001
19372798.391945325
26076317.51266383
11663411.686824847
14071643.397294883
10384872.386941517
21037031.795629125
13373417.265791783
16650936.956800457
19253756.82565779
20782244.569407612
10710687.253639305
17862050.65336331
26649369.826955963
18987334.491873328
15195877.059241027
3486861.0529969004
14452103.314806728
11010327.376859516
17757154.279286057
25470874.46813006
26665072.10266035
19107942.56814734
27263079.508422654
27264116.969436347
9580559.01475264
16423653.855471544
3485822.201112483
7490838.7229292495
24540519.938794862
23264037.59864288
11228672.246511994
14226031.89024121
10667779.653835453
16694315.822772935
7761518.322122869
25394401.81482709
23415005.336537268
17229866.03305169
13732063.667038642
-2523498.076619949
18159177.452326883
14725936.559066018
25706024.517873164
10256894.446343834
19087700.149172477
26938512.5089941
18311571.94827999
28896179.755835734
17656237.86267654
12703972.887031192
10729520.007704996
11954438.56806613
25549468.42970372
18654281.25044517
8189137.3178928
13518352.803637888
14692628.810102688
16131972.45904749
28268803.950677674
17976398.182594765
27534697.22469755
21961918.05303182
13701139.460078476
20094140.143817924
27150683.69940781
25207656.42477483
23500330.423520945
10625551.659734936
20335308.18452272
23437595.44977519
2470354.6249203086
20253696.37709735
7653832.7783856215
22487674.944069866
14729342.420117304
16906617.056823708
27334724.926312592
11136134.699301984
22441172.427565806
24542297.223912217
26216465.249982636
24343266.988834746
15460387.462489996
24690334.202401098
16120762.927715411
18461922.969010733
9429057.92509859
20750029.19939805
20154520.950241446
27753115.577411097
21427878.978115883
20995931.489706684
-1132649.7825647553
25952854.283983096
26683704.238649294
9369878.554293716
7967337.762174207
23091401.79744072
22832777.33747908
17421910.97963856
2534159.669028567
15444081.78588327
19222954.923157744
10606618.44130943
2832831.712999846
10562783.955510147
6954425.836267922
13511380.394316679
4306712.199794456
1787731.8511324613
16360514.007589944
21140423.287299775
7045895.725019247
16223477.390816562
5861921.68257223
8579056.103163587
29284497.25205311
27019840.219938
27913304.199700862
20823259.181860592
17941143.564126752
28724873.8884062
13141491.680691257
14491884.162945597
20560201.699517924
24570346.482650176
25228229.64758696
127304.61216541915
25457833.80819366
12731311.993023295
24593168.53974271
23130566.380043533
25552189.345080633
17327945.376287803
10529682.236011839
12234674.807901733
24134993.99928233
13352169.150386212
8818649.667606961
25446078.088578206
27648939.265891783
7603689.461289454
11256042.917108186
20527620.170876186
628928.0790275962
5715402.427940888
13144049.762782352
18290814.720057122
9737115.871949024
13970486.069968762
14049497.19424187
4407170.808356382
19584053.907824717
25223115.019396696
7401309.540249382
7994458.352692383
19676221.061616283
16470130.63638994
19419947.29756832
29011644.791704983
11976599.044482797
16968725.0486982
6587777.769388479
20687510.642640013
12470750.168515217
13190900.945081595
11594434.902074719
26460809.868352987
10130232.501420688
16238216.998511933
8146695.7187490575
25200458.47592782
13485471.055543052
14888484.61172899
10159894.270406622
23774720.55933542
17915962.38641866
6199787.181987279
24895518.99951185
2770537.2938187825
12913475.180912869
12462544.610953948
13004850.249387646
16437173.038404226
12063660.448321804
25056125.261684235
11881489.261662137
28572237.798605945
10386540.510862805
8741234.793156417
21436696.181087762
23165191.857384354
18417974.70323228
32434709.548501752
24208988.804817125
21669069.59651586
19777878.235300515
19708871.524733033
24176363.516735863
15359617.139942998
6874904.207648053
14240659.007883603
19350374.142972235
3011374.578764494
7845887.667612604
27293703.135134414
28567422.36947011
21609688.014246166
11089779.849478569
23361863.251767732
11170316.845298195
1250957.579244507
15593938.370537922
27985067.26165742
22047280.15027809
27063105.90066647
14780217.276795568
19927275.057688516
27803712.684622776
24717344.934335493
17644457.82461988
-3917829.76412977
15190815.365720127
27450140.538110778
11716423.129738273
26902672.224278722
1694811.3627293156
16701583.376526104
12686081.442206278
14152810.465036258
14970405.838005617
29079762.850147005
26691294.836573735
14329839.89465067
9472597.327773223
19223317.49441473
6591316.140621245
9722308.82980891
17281768.138125934
16404397.9744967
12919510.981395438
25783024.94903533
2124370.8899661666
18347275.496422336
12430887.089703927
10878447.534012597
11492045.101660024
23074576.036202636
23750925.1307316
21143063.74102549
30158295.389916483
10207283.507810675
12748694.306614226
23996896.27662857
25352863.691270553
23686021.891794823
10571504.682444094
12332293.729013097
19403898.008501094
23908678.91490361
18932234.632132817
24798762.138768584
27808994.055662658
9304000.104242219
13091524.368471215
20490258.765933048
24408643.511740007
2081520.201418081
3228927.3991846945
2061207.0601005652
22105721.862047922
10798227.830253426
17251355.609271616
14997390.198619237
23708631.83826608
11016861.740498701
11112113.924348801
22989319.01518868
19073361.426951993
16113270.30786472
13343111.486991957
17356081.101083633
24787662.637505576
13754685.56981234
20859847.268167075
22008240.9108234
13879988.89337933
21765610.271344062
18384317.674010605
17206973.55523234
13082862.31361119
8797785.165172763
11981574.191968668
20764462.724591833
29308841.8728914
11373195.954773335
16383012.195163125
14168979.435741743
19385156.37521568
28401449.628451716
11754021.225857139
22097311.19329781
24321187.972978067
8507773.939374745
21697096.71849828
11289816.068002
10343963.62651797
10884595.672330024
29186343.360250704
11770429.356284624
28460494.708284564
23013396.549937904
12260194.207320563
25978646.5865792
20666831.33174526
19779328.276610047
17840095.80745513
21934182.138280246
19515213.938905932
11879487.578406079
12593024.889548974
13343971.247881325
4887352.083265621
17103943.23906032
18565611.45251214
19488224.101882275
12403371.748833952
22642661.33732852
24955717.262779225
26216799.573452983
8650249.983850416
26289627.835171763
15232065.95111223
19285625.16284823
13192069.173529718
11961063.937793028
14754961.037060903
16407040.027391942
13604863.32495362
10188107.965546528
26622312.384066507
23857947.13073198
18951723.81195317
16794021.86687858
22752269.154301263
11295626.601329373
27428828.80671267
25057545.228176907
10572862.132741658
5261496.630114399
25352725.12321648
25294904.87275447
433879.8967692205
13693148.484438362
22070530.66088408
14356881.599059949
16919586.240632936
12148543.764538694
22425992.177480124
15171145.806276383
13769490.301106066
25205200.53721425
5574924.645459813
14671133.748585436
16292156.802012995
22108324.757422056
16438708.096607236
24924780.769183867
1808889.5839392147
29135697.806053348
11616876.18589262
7203805.335920345
14959076.836987339
11796168.86780993

Resultados desnormalizados del fichero de VALIDACION:

9104816.240217414
4367252.92219114
13988425.51176566
26038174.724696178
17717080.845938753
24210748.66107467
10778259.7468997
13292403.48729407
13134951.849843048
20874966.103537466
16658224.353162114
15929642.387348887
19370609.331576087
5805045.750628645
2509080.724377482
26777242.53962788
14061761.724992068
24661469.58490902
14974179.114311414
6691219.3419632595
11029285.327553282
18656885.002805572
24186018.58187211
18634790.762737937
17808150.423568863
16459985.308538655
6263433.536043518
3126201.3393332344
17718688.37094075
5362858.310728948
10480651.081465788
22038762.32001991
10557637.714399857
5174924.201719789
4967040.908687772
14604574.68029873
15886308.951134393
25230083.91881929
6310368.258122659
10279661.996326305
12705519.846642178
13316579.221196055
25010068.06222287
13860275.078822026
12094147.255633364
31466664.678561788
25859673.73458467
14700557.789190035
17457073.08231753
21474794.994387865
21930379.763493616
10852781.767367646
18258432.34551777
19492699.947219048
11518862.044365099
17263685.113862894
25877284.955317765
23478616.514752705
29535139.020433646
26889355.313268807
25528554.46714756
23312389.79706807
30099594.8072594
25070467.704222783
2512794.8902860708
26333109.22973384
11376697.435969878
2520388.3745685425
16421819.796321046
12932240.698547876
14164332.222475005
535638.1793401979
21915697.681817602
19060562.900403876
16117559.252829798
23955325.573931
25309292.011298403
13915231.799685113
21759137.618228726
17405301.83023728
-598193.4878093547
14430112.152149634
14552924.148415927
26286592.042330783
6135370.0956366705
9699596.852552792
12795285.255737798
4028992.0448754057
10499957.219078226
11391385.438181017
25157254.579100348
27362137.41642367
23958993.6858806
10013443.870382508
13904686.230800824
13872226.314405762
5901967.577689636
28573291.956228185
13731556.173343478
8696805.32011709
12729956.87502483
7610535.082489784
20613361.506233707
11987937.021431858
11330117.116360843
23911965.376880158
15173401.563956238
9555427.303309217
18786054.089825675
21401557.330250498
15779987.967521641
25513123.282950386
19945109.54017854
26248493.85231724
29748825.89100341
20033296.306863505
26425437.2089629
26115579.575507328
7392028.409805055
25009213.4902846
16715866.06861422
27819563.37328997
14671652.72395717
11901315.49949057
24488732.83867313
26828027.330618534
24779838.6390745
20561195.350246254
17963343.91445416
10640964.713160463
14748272.685574524
13863113.241247183
19378947.415844005
21142620.017614204
27452099.34591541
22324671.40179561
8824131.139699288
28175846.548682496
25992948.97236355
11319898.808620151
24679015.184422668
19227906.47630849
18140519.88580667
26119653.452742014
22427831.122578826
24274790.717446454
14198929.606713567
389881.0032727762
23196830.71055182
21276673.02893028
20132190.372798167
18890741.586505428
14973458.077287262
6782059.469640529
21681269.343705986
13741198.986997487
23490416.4136665
15389814.750740122
22531179.030841254
20367099.912742805
20166722.837944124
11099810.924899377
13345975.209161244
19331141.153300624
16053838.77264324
24259745.6752939
11507033.893079877
11442248.76693561
24693983.776082765
871512.5162634692
11484438.27327862
7932841.995408176
25353499.83293189
12776834.876646722
18277644.512420364
32608966.204957623
21869637.939059693
10859409.592809696
10901849.58588359
15144593.155478183
24257974.237848144
18391176.54752702
15015881.948756265
25357794.37814311
12147361.154050143
20756893.1204734
15945081.191974502
11149774.921732381
19736127.46603701
15885170.987215616
17729646.38976589
16203526.796317438
24054461.28220419
9142125.304612506
9929796.97220368
26149500.942342248
24096069.557737462
24403642.733780734
14174823.010202646
15942007.37814845
7785066.871651374
15513789.32994371
23626042.2308501
25395914.773272615
4301524.992626811
25577470.561106063
23572045.565444045
8675230.314002737
17727878.203390244
10495390.05933598
8296733.239823991
16862211.123541143
11357564.099645749
26121341.147892915
15530544.15190993
8909907.725264091
25867665.620326426
10194791.40342412
13345507.424843771
22982097.842014298
12970595.992015712
16626602.84026723
16549830.514759598
26066985.91566907
21287370.983034983
23092522.785514466
21051136.97510239
10237782.057392674
14693490.214793926
22355982.478022113
11973163.405528182
6398871.613138647
20875785.93211171
15963174.04940552
22248696.104631327
27066393.12875887
7649284.820018686
19767513.84712654
13311070.504562056
11234773.125279374
23534162.2376322
20009742.11707795
21736726.950022176
15293582.44562766
19328360.163542356
16873102.066171452
23307258.621333174
22150809.032972522
14641309.706352869
16087851.39499571
31845620.304454725
25399463.98676499
23671219.812045105
13229364.170043489
12976701.668246625
9294273.207045041
22489850.5853639
8309549.056407979
30147302.07706486
26110868.728027325
22430174.97162342
21440646.243404187
24303955.897846702
248091.75582897407
10016078.413603816
18897424.864793282
23791525.832345325
8914070.33240826
16558345.12583336
21647664.344459023
17339724.04700522
18667472.262931682
10613315.136135228
6274230.403384125
10776279.658372091
9544584.859196393
12642369.599441353
12179692.54274625
6768735.25238322
26678072.382097855
23344683.259581
25242569.907186173
6821535.061559305
21695046.047707606
10043168.640536373
23001665.682761423
13732971.008552298
15339858.10759995
17727424.758318014
14268405.388460346
8132252.528106538
5635615.43208467
28520195.52853011
27672118.87654793
23793142.551613968
19650796.610303767
22569871.854459863
13303857.552704686
9041681.165904555
27608626.917888574
10860431.921230003
14748405.33452712
14463791.765555976
23305194.765688103
16057970.104524521
22565034.51242359
24345577.217129774
27085434.271243095
12391752.6689333
25586818.265559476
8735646.895718867
17010614.966661774
21942151.452522818
26265377.91764812
19573598.52303493
21237648.283487514
25485503.07237077
16629946.707011469
24743182.136922598
12147106.893987834
5515559.837130143
1622765.8838427986
13816747.001706969
18769474.460269243
6109669.875816512
14161567.604821665
23280133.107346624
10209940.520377098
4743084.22027285
11668786.838259581

Resultados desnormalizados del fichero de TEST:

10878467.869421562
11884947.429398103
9957623.748853704
7821608.14873609
12685263.872595066
11697381.414157692
9053390.228185311
13238158.738478513
13307332.13975089
12717575.560118701
14564626.428930597
14027459.64782895
11573770.71485235
10576281.441089684
10909339.513120702
11659773.567165187
13116312.044366017
14094624.834865207
11536710.948140534
8976608.644189617
12092306.43809474
14093076.732542774
13482351.388660839
11067076.153315943
11338413.19178687
6026461.289283338
12173680.100228332
16188519.542271685
13739942.496383358
9021104.981079206
7670467.565675843
9489694.043545667
10387270.193172537
12965390.472188406
13207617.516316175
10557685.937379353
9288127.844517896
11310269.579929631
14310711.878553102
12358940.293195333
13650008.552407322
15692989.589056667
14638387.682879658
14712628.066803478
13280744.003395567
16502762.2502418
16620139.71546134
15201291.5977284
15625625.234299779
17275563.983530343
14702348.398649327
9322114.45189771
3563106.8161137667
4590400.171304287
8918412.65767765
9662443.758420575
7971242.98512761
11253421.639520396
13071351.993928438
9948486.723371642
19115057.845125634
15856370.408540538
18630577.346165776
18499762.26899362
14989309.090537906
16044807.318028713
11380844.530768206
17677877.68036283
21630879.159830984
10651548.948834326
14343213.421810986
14833593.038957471
13851226.68584861
19881474.862931646
20030629.008591793
21089577.958990492
20642980.235143647
17086713.4512325
21714603.33456467
9360147.81486694
1317674.396878373
-1198899.0399203654
9594694.583234718
19180590.35865758
16000505.67929617
19215228.75911238
22104069.90151943
21298009.908438403
20915438.474012036
19064088.28173845
20920762.08107493
11309926.81538781
18794315.394429255
25012224.83439208
14648332.89350948
26211691.397669967
23802845.50865479
20197814.53351968
17010042.730811417
19405994.797782045
21537739.854022425
23827496.144499898
24114309.1207448
24863792.919671122
14890852.193578217
25485071.979148254
25469320.846985046
22093591.725104846
25546719.67656357
29937939.123765573
28036740.693174362
29091919.786499854
23396816.44436731
15467799.932129603
25906226.021267302
24000780.717829563
17199049.479869545
26672109.459995627
20676055.72298496
24134654.48446076
23498517.43629931
13203999.25338702
14860812.160658788
26775642.622041058
24161353.224000376
25669947.778045382
25224138.58734764
5908720.230069536
2804234.8191488273
5354174.800271145
13613796.371550381
15450482.74934962
25016937.729794163
19277199.915039886
29634934.138693683
27389198.17187969
27645548.13176505
23611127.40434922
25805268.3469607
26808799.557297625
28186494.11020407
28379058.757724296
28514285.3511905
28532431.222691245
24816356.094094742
24902667.71516387
27593192.12935207
27406920.231734097
26560162.999888863
26042946.029702112
23238155.383795835
20289152.24819652
26287086.077650048
24985272.852459565
23870768.471912533
24477300.95126945
26595270.201396614
28787520.926086623
28680118.08291295
29262212.62995604
31263250.826708365
30982430.44216879
29108438.10037443
29305070.492392793
27606590.31663636
29447414.74066244
28919490.968948483
26663000.61539563
26858059.33253018
27174172.579845674
22748344.99592182
22502432.62699045
26855326.71435947
30228509.019046128
27145196.301683836
26130439.790348396
25955772.376355026
28589202.88062874
27692368.848716453
26841186.80580846
31301100.243840735
29924527.10074064
29854332.751336806
29953979.594910074
28290083.683756523
27351614.332410865
24135301.291519657
23837346.09989975
21146004.619495768
25116601.673999507
30203178.463563442
25029296.27529339
26215091.289267406
22526606.417924244
23695523.333233744
21765891.887382228
26550127.819014296
27827768.7128565
27810996.076321516
26590401.017054785
27101713.892892998
28040258.61299616
27794934.300625607
27922219.2560728
28083421.315656405
25798518.972763356
27174045.1662389
23346459.912133783
23561116.41856346
24167905.68959754
23234777.103118613
22812403.619272113
19826316.540867556
25353736.89731661
25688961.896063313
22563669.570319653
23980599.081019457
24116144.495845594
23986836.058123507
22848626.40360939
24291380.438444015
22748686.123477053
24448052.96975983
23855553.502153803
24253639.1388175
26061717.279859208
18785029.53350874
15726532.465806076
17352573.492799394
18882325.87248094
17499604.129527204
18670473.737888955
20866198.956542812
23353522.842629906
19687015.05366325
20442245.610886253
20556805.09060407
14598634.206571708
22076090.388700195
22393033.038593274
21497884.75789507
21681556.646409832
13313266.109603737
17278794.313367367
22932245.125840068
22337328.33555284
20332929.709120594
20891684.59586459
5992023.10124214
7761592.134889015
8731096.046175044
23168088.96393601
23075944.519315366
21756879.365544893
15544032.464207329
19017524.207263954
19199093.57805737
16356003.657105418
17843887.311216265
22076477.65908362
19812125.009004172
16606360.91527149
17963775.053399164
8492891.838621374
22558585.776992973
23955526.62241136
21384271.135115083
19872434.206940148
16527893.152381813
18430375.256669495
18947591.688714948
23711907.72386399
22438334.314298876
22656249.82552434
19497208.761128604
19806317.357596733
21354057.558962744
21550888.684461262
20289879.94651046
19873833.847830202
21493309.741753176
18770565.74844159
18213172.56343601
18239310.068667624
17198334.04756877
12714343.100410784
10057757.5699119
14880596.185500214
14164487.294498965
17225585.95198702
13355076.073664952
-2743170.482558119
8022807.620636956
16713494.72551095
10012862.286054455
13478247.05173665
15595553.299820978
14755424.876035966
16232523.476694804
18007878.49428993
15175437.725258717
10178350.950195828
13609627.748108823
16470118.733933544
17486900.74433335
17324880.095293313
8785213.462920722
13945841.615838753
14366753.107079733
15682495.105462696
14257002.056295246
12783758.113539534
1224744.86125872
9450175.903745504
13857695.410410512
13807816.426125394
14400222.104989244
12223457.176854104
15265350.584002579
11878294.716513136
11481398.507779077
11520353.954457821
14005150.555482175
14190991.451100923
12550782.797595177
13519944.294707902
12298623.986626385
16499780.860728435
14823055.371600429
14936360.691405723
13302644.37262972
13192046.03277665
8988380.726099191
9549180.188596074
4715104.689794584
11070560.579338228
6133823.430426428
3268099.97887012
9415013.164021706
5096807.247967325
7527353.6753848735
13916484.440793877
11806416.513111018
11442297.888350416
11279868.926654113
14099553.577402951
10849274.23496338
11293189.487051604
12885392.119207421
12078062.517236644
8424351.011944644
9785164.368805109
8318264.157242137
10338709.057009155
10437144.422149852
2578057.1694808677
-1829337.0723819672
4971345.020898218
9923630.357471261
9666635.186190259
9489439.072214223
8841582.886338096
12095457.44215972
9485053.831813036
8221074.6217300035
2974086.031960585
